25
18 9 10 12 16 10 10 8 15 19 9 16 6 3 4 10 7 4 7 22 8 24 23 5 23 
1 2 3 4 5 7 8 9 10 11 12 13 14 15 18 20 22 25
1 8 9 10 12 18 20 21 24
1 3 10 11 13 17 21 22 24 25
1 4 6 9 10 11 13 15 18 20 21 24
1 2 4 6 7 9 10 11 14 17 18 19 20 22 23 24
1 6 8 10 14 15 16 17 21 23
3 4 7 9 11 14 17 19 22 25
5 7 8 11 13 17 21 22
2 5 6 8 9 10 12 13 14 15 17 19 21 22 24
1 2 3 4 5 6 8 9 10 12 14 16 17 18 20 22 23 24 25
3 5 6 9 12 13 14 24 25
3 4 6 7 9 10 12 13 14 15 17 20 22 23 24 25
6 11 17 18 20 25
1 5 18
6 8 11 16
1 3 4 6 7 10 15 22 23 24
2 3 13 15 17 19 23
5 19 23 24
1 3 10 14 21 22 24
1 2 3 4 5 6 7 8 9 10 11 13 14 16 17 18 19 20 21 23 24 25
3 7 10 16 17 20 22 24
1 2 3 4 5 6 7 9 10 11 12 13 14 15 16 17 18 19 20 21 22 23 24 25
2 3 4 5 6 7 8 10 11 12 13 14 15 16 17 18 19 20 21 22 23 24 25
1 2 9 19 24
1 2 3 4 5 6 7 8 9 10 11 12 13 14 16 17 18 19 20 21 23 24 25
2 3 -2 -3 -4 -5 4 -4 -5 0 -5 -1 -1 5 3 4 4 0 -3 -3 -4 -3 -1 5 -2
-4 -2 -4 0 -5 5 5 0 -2 -4 3 0 -3 1 3 0 -1 0 -2 -3 -1 -4 -1 -1
-3 -2 -4 -4 -1 -1 -1 5 5 -2 5 -4 2 -2 -2 4 -1 2 4 -5 -1 -3 2
2 5 -3 0 -4 -1 -4 -5 5 -1 4 -2 -4 2 1 -1 0 -3 3 4 5 2
-4 0 -2 0 5 -1 -4 1 2 -3 0 0 -5 1 -5 -2 2 2 3 -4 5
4 0 -3 -1 1 -4 1 -5 1 3 -3 -1 2 1 -2 0 3 2 -2 -2
2 3 -5 -4 1 -5 -4 4 4 2 -2 -1 -1 -1 -5 -4 -4 2 -1
-3 3 2 3 -5 -1 1 -2 -3 3 5 -5 -1 3 -1 3 -3 -1
2 0 -5 -4 -3 1 3 -5 -4 -1 3 3 -1 -3 4 5 4
4 1 4 -4 2 -3 5 -3 1 -5 -5 4 4 5 -2 -3
-1 0 0 4 -3 1 2 3 -1 -1 1 -1 5 -3 -3
5 1 5 5 -3 2 3 3 -5 2 -3 4 -5 -5
5 -3 2 1 -1 4 -2 4 1 0 0 3 1
-4 4 3 5 -1 1 0 0 -1 0 -3 5
3 0 4 4 -2 -5 4 -4 -1 0 -2
5 -3 -1 -4 -1 5 -3 -2 -2 -3
0 1 -4 2 2 2 -3 3 4
4 -4 -5 4 2 3 -4 3
-2 -2 1 3 1 -2 3
1 -4 3 1 2 3
1 0 -4 1 1
-5 -4 -3 3
-2 4 -5
2 3
4